
Total Goals
3, 2, 4, 3, 2, 2, 2, 3, 2, 2, 4, 0, 1, 5, 5, 5, 4, 2, 2, 4
2, 1, 3, 4, 7, 3, 1, 5, 5, 0, 2, 3, 3, 4, 7, 2, 3, 5, 8, 5

crystal-palace		luton-town

89%/90%		96%/100%		o0.5
78%/80%		78%/100%		o1.5
47%/60%		68%/80%		o2.5
31%/60%		37%/50%		o3.5

Total Corners
13, 13, 11, 9, 5, 12, 11, 7, 4, 7, 11, 14, 6, 13, 12, 5, 8, 9, 15, 12
11, 14, 9, 12, 11, 9, 13, 13, 9, 13, 10, 15, 11, 11, 10, 14, 14, 17, 4, 14

crystal-palace		luton-town

78%/80%		93%/90%		o6.5
71%/80%		93%/90%		o7.5
65%/70%		90%/90%		o8.5
55%/60%		78%/90%		o9.5
47%/60%		65%/70%		o10.5
34%/50%		40%/50%		o11.5
26%/30%		37%/50%		o12.5

crystal-palace Corners
11, 1, 9, 5, 3, 3, 6, 1, 3, 3, 7, 7, 1, 7, 11, 2, 1, 6, 12, 1
81%/70%		o1.5
76%/60%		o2.5
57%/60%		o3.5
44%/60%		o4.5
39%/60%		o5.5
28%/50%		o6.5
21%/20%		o7.5

luton-town Corners
4, 3, 4, 5, 3, 6, 6, 4, 7, 11, 8, 9, 7, 7, 2, 13, 8, 4, 2, 8
100%/100%		o1.5
87%/80%		o2.5
78%/80%		o3.5
59%/70%		o4.5
53%/70%		o5.5
43%/70%		o6.5
28%/50%		o7.5

crystal-palace SOT
3, 3, 4, 8, 2, 3, 4, 2, 3, 5, 6, 3, 5, 5, 4, 5, 4, 4, 6, 1
97%/90%		o1.5
78%/90%		o2.5
52%/80%		o3.5
36%/50%		o4.5
21%/20%		o5.5
13%/0%		o6.5
10%/0%		o7.5

crystal-palace Shots
13, 4, 13, 16, 9, 16, 8, 5, 11, 13, 13, 11, 12, 12, 12, 7, 13, 10, 15, 4
76%/80%		o7.5
65%/80%		o8.5
63%/80%		o9.5
60%/70%		o10.5
52%/60%		o11.5
44%/30%		o12.5
28%/10%		o13.5
26%/10%		o14.5

luton-town SOT
5, 4, 3, 1, 4, 2, 5, 4, 6, 6, 5, 6, 5, 8, 8, 5, 4, 3, 8, 5
87%/100%		o1.5
75%/100%		o2.5
59%/90%		o3.5
40%/80%		o4.5
21%/40%		o5.5
9%/30%		o6.5
9%/30%		o7.5

luton-town Shots
8, 10, 8, 7, 6, 4, 16, 12, 15, 18, 14, 16, 14, 18, 11, 20, 22, 12, 14, 14
84%/100%		o7.5
78%/100%		o8.5
71%/100%		o9.5
68%/100%		o10.5
62%/90%		o11.5
50%/80%		o12.5
43%/80%		o13.5
31%/40%		o14.5

BTTS
y, n, y, y, y, n, n, y, y, y, y, n, n, n, y, y, y, y, n, y
y, n, y, y, y, y, n, y, y, n, y, y, y, n, y, n, y, y, y, y

55%/60%		65%/80%


James Tomkins
sot 0, 0, 0, 0, 1, 0, 1, 0, 0
	0.5 22%/22%
	1.5 0%/0%
	2.5 0%/0%
shots 0, 0, 0, 1, 1, 0, 2, 0, 0
	0.5 33%/33%
	1.5 11%/11%
	2.5 0%/0%

Jordan Ayew
sot 0, 0, 1, 0, 2, 0, 0, 0, 0, 3, 0, 2, 0, 0, 0, 1, 1, 1, 1, 0
	0.5 36%/50%
	1.5 9%/10%
	2.5 3%/0%
shots 0, 0, 4, 3, 2, 1, 0, 0, 1, 6, 0, 2, 0, 1, 2, 1, 2, 1, 1, 1
	0.5 72%/80%
	1.5 39%/30%
	2.5 18%/0%

Nathaniel Clyne
sot 0, 0, 0, 0, 0, 0, 0, 0, 0, 0, 0, 0, 0, 0, 0, 0, 0, 0, 0, 0
	0.5 0%/0%
	1.5 0%/0%
	2.5 0%/0%
shots 0, 0, 0, 0, 0, 0, 0, 1, 1, 0, 0, 0, 0, 0, 0, 0, 0, 0, 0, 1
	0.5 15%/10%
	1.5 0%/0%
	2.5 0%/0%

Joel Ward
sot 0, 0, 0, 0, 0, 0, 0, 0, 0, 1, 0, 0, 0, 0, 0, 0, 0, 0, 0, 0
	0.5 3%/0%
	1.5 0%/0%
	2.5 0%/0%
shots 0, 0, 0, 0, 1, 1, 1, 0, 2, 3, 0, 1, 0, 1, 0, 0, 0, 0, 0, 0
	0.5 30%/20%
	1.5 7%/0%
	2.5 3%/0%

Daniel Munoz
sot 0, 0, 0, 0, 0
	0.5 0%/0%
	1.5 0%/0%
	2.5 0%/0%
shots 0, 0, 0, 2, 0
	0.5 20%/20%
	1.5 20%/20%
	2.5 0%/0%

Sam Johnstone
sot 0, 0, 0, 0, 0, 0, 0, 0, 0, 0, 0, 0, 0, 0, 0, 0, 0, 0, 0, 0
	0.5 0%/0%
	1.5 0%/0%
	2.5 0%/0%
shots 0, 0, 0, 0, 0, 0, 0, 0, 0, 0, 0, 0, 0, 0, 0, 0, 0, 0, 0, 0
	0.5 0%/0%
	1.5 0%/0%
	2.5 0%/0%

Will Hughes
sot 0, 1, 0, 0, 0, 0, 0, 0, 0, 0, 0, 0, 0, 0, 1, 0, 0, 0, 0, 0
	0.5 10%/10%
	1.5 0%/0%
	2.5 0%/0%
shots 0, 1, 0, 0, 1, 0, 0, 0, 0, 0, 0, 0, 0, 0, 2, 1, 0, 0, 0, 0
	0.5 17%/20%
	1.5 3%/10%
	2.5 0%/0%

Joachim Andersen
sot 0, 1, 0, 1, 0, 0, 1, 0, 0, 1, 0, 0, 0, 0, 0, 0, 0, 0, 0, 0
	0.5 24%/0%
	1.5 3%/0%
	2.5 0%/0%
shots 2, 1, 0, 1, 1, 0, 1, 0, 0, 1, 1, 0, 1, 1, 1, 0, 0, 0, 0, 0
	0.5 51%/40%
	1.5 9%/0%
	2.5 3%/0%

Jefferson Lerma
sot 0, 0, 0, 0, 1, 0, 0, 0, 0, 0, 1, 1, 0, 2, 0, 0, 1, 0, 1, 0
	0.5 31%/50%
	1.5 3%/10%
	2.5 0%/0%
shots 1, 0, 0, 2, 2, 1, 4, 3, 1, 0, 2, 2, 2, 2, 0, 1, 3, 1, 3, 0
	0.5 68%/80%
	1.5 34%/60%
	2.5 13%/20%

Odsonne Edouard
sot 3, 1, 0, 0, 0, 1, 0, 2, 1, 1, 0, 0, 0, 1, 0, 0, 0, 1, 1, 0
	0.5 48%/30%
	1.5 19%/0%
	2.5 6%/0%
shots 7, 1, 0, 0, 3, 2, 0, 6, 2, 3, 3, 0, 0, 1, 0, 0, 1, 2, 4, 0
	0.5 67%/50%
	1.5 58%/30%
	2.5 35%/20%

Dean Henderson
sot 0, 0, 0, 0, 0, 0, 0, 0, 0, 0
	0.5 0%/0%
	1.5 0%/0%
	2.5 0%/0%
shots 0, 0, 0, 0, 0, 0, 0, 0, 0, 0
	0.5 0%/0%
	1.5 0%/0%
	2.5 0%/0%

Jean Philippe Mateta
sot 0, 0, 0, 1, 0, 0, 1, 1, 1, 1, 0, 0, 0, 0, 0, 1, 1, 0, 1, 0
	0.5 44%/30%
	1.5 11%/0%
	2.5 5%/0%
shots 1, 0, 0, 1, 0, 0, 2, 1, 4, 1, 0, 1, 0, 0, 1, 1, 2, 2, 2, 0
	0.5 58%/60%
	1.5 29%/30%
	2.5 11%/0%

Eberechi Eze
sot 1, 1, 0, 2, 2, 0, 0, 0, 0, 2, 1, 0, 0, 0, 2, 2, 1, 1, 3, 1
	0.5 51%/70%
	1.5 25%/30%
	2.5 3%/10%
shots 4, 4, 2, 3, 4, 3, 0, 1, 0, 2, 2, 0, 2, 4, 3, 4, 2, 4, 4, 1
	0.5 85%/90%
	1.5 70%/80%
	2.5 44%/50%

Chris Richards
sot 0, 0, 0, 0, 0, 0, 0, 0, 0, 0, 0, 0, 0, 0, 0, 0, 0, 0, 1, 0
	0.5 4%/10%
	1.5 0%/0%
	2.5 0%/0%
shots 0, 0, 0, 0, 0, 0, 0, 0, 0, 0, 0, 0, 0, 1, 0, 0, 1, 3, 1, 0
	0.5 16%/40%
	1.5 4%/10%
	2.5 4%/10%

Naouirou Ahamada
sot 0, 0, 0, 0, 0, 0, 0, 0, 0, 0, 0, 0, 0, 0, 0, 0, 0, 0, 0, 1
	0.5 8%/10%
	1.5 0%/0%
	2.5 0%/0%
shots 0, 0, 0, 0, 1, 0, 0, 0, 0, 1, 1, 0, 1, 1, 0, 0, 0, 1, 0, 1
	0.5 41%/50%
	1.5 4%/0%
	2.5 0%/0%

Tyrick Mitchell
sot 0, 0, 1, 0, 0, 0, 0, 0, 0, 0, 0, 0, 1, 0, 0, 0, 0, 1, 0, 0
	0.5 8%/20%
	1.5 0%/0%
	2.5 0%/0%
shots 1, 0, 1, 0, 0, 0, 0, 0, 0, 0, 0, 0, 2, 0, 0, 0, 0, 1, 0, 0
	0.5 14%/20%
	1.5 2%/10%
	2.5 0%/0%

Luke Plange
sot 1
	0.5 100%/100%
	1.5 0%/0%
	2.5 0%/0%
shots 1
	0.5 100%/100%
	1.5 0%/0%
	2.5 0%/0%

Matheus Franca
sot 0, 0, 0, 0, 0, 0, 0, 0, 1, 1, 0, 0
	0.5 16%/20%
	1.5 0%/0%
	2.5 0%/0%
shots 1, 1, 0, 1, 0, 1, 0, 0, 2, 3, 0, 0
	0.5 50%/40%
	1.5 16%/20%
	2.5 8%/10%

Adam Wharton
sot 0, 0, 0, 0, 0
	0.5 0%/0%
	1.5 0%/0%
	2.5 0%/0%
shots 0, 0, 0, 1, 1
	0.5 40%/40%
	1.5 0%/0%
	2.5 0%/0%

David Ozoh
sot 0, 0, 0, 0, 0, 0, 0, 0, 0, 0, 0, 0, 0, 0
	0.5 0%/0%
	1.5 0%/0%
	2.5 0%/0%
shots 0, 0, 0, 1, 0, 0, 0, 0, 0, 0, 0, 0, 0, 0
	0.5 7%/0%
	1.5 0%/0%
	2.5 0%/0%

Kaden Rodney
sot 0
	0.5 0%/0%
	1.5 0%/0%
	2.5 0%/0%
shots 0
	0.5 0%/0%
	1.5 0%/0%
	2.5 0%/0%

Jairo Riedewald
sot 0, 0, 0, 0, 0, 0, 0, 0, 0, 0, 0, 0, 0
	0.5 0%/0%
	1.5 0%/0%
	2.5 0%/0%
shots 0, 0, 0, 0, 0, 0, 0, 0, 0, 0, 0, 0, 0
	0.5 0%/0%
	1.5 0%/0%
	2.5 0%/0%

Jeff Schlupp
sot 2, 0, 0, 0, 0, 0, 0, 1, 0, 1, 0, 1, 0, 0, 0, 0, 1, 1, 0, 2
	0.5 35%/40%
	1.5 14%/10%
	2.5 0%/0%
shots 2, 0, 0, 0, 2, 0, 0, 1, 0, 2, 0, 2, 1, 0, 0, 2, 2, 2, 0, 2
	0.5 50%/60%
	1.5 39%/50%
	2.5 0%/0%

Marc Guehi
sot 0, 0, 0, 0, 0, 0, 0, 0, 0, 0, 0, 0, 0, 0, 0, 0, 0, 0, 0, 0
	0.5 0%/0%
	1.5 0%/0%
	2.5 0%/0%
shots 0, 1, 0, 2, 1, 0, 0, 0, 0, 0, 0, 0, 0, 0, 0, 0, 0, 0, 0, 0
	0.5 13%/0%
	1.5 3%/0%
	2.5 0%/0%

Michael Olise
sot 0, 1, 1, 0, 0, 1, 0, 3, 3, 1, 0
	0.5 54%/60%
	1.5 18%/20%
	2.5 18%/20%
shots 2, 5, 2, 2, 0, 2, 2, 6, 6, 5, 0
	0.5 81%/80%
	1.5 81%/80%
	2.5 36%/40%

Malcolm Ebiowei
sot 0
	0.5 0%/0%
	1.5 0%/0%
	2.5 0%/0%
shots 0
	0.5 0%/0%
	1.5 0%/0%
	2.5 0%/0%

Remi Matthews
sot 0, 0, 0, 0, 0, 0
	0.5 0%/0%
	1.5 0%/0%
	2.5 0%/0%
shots 0, 0, 0, 0, 0, 0
	0.5 0%/0%
	1.5 0%/0%
	2.5 0%/0%

Joseph Whitworth
sot 0
	0.5 0%/0%
	1.5 0%/0%
	2.5 0%/0%
shots 0
	0.5 0%/0%
	1.5 0%/0%
	2.5 0%/0%

Rob Holding
sot 0
	0.5 0%/0%
	1.5 0%/0%
	2.5 0%/0%
shots 0
	0.5 0%/0%
	1.5 0%/0%
	2.5 0%/0%

Cheick Doucoure
sot 0, 1, 0, 0, 0, 0, 0, 0, 0, 0, 0, 0, 0, 0, 1, 0, 0, 0
	0.5 11%/10%
	1.5 0%/0%
	2.5 0%/0%
shots 0, 1, 1, 0, 0, 0, 0, 2, 0, 0, 0, 0, 0, 0, 2, 1, 0, 0
	0.5 27%/20%
	1.5 11%/10%
	2.5 0%/0%

Jesurun Rak Sakyi
sot 0, 1, 0, 0, 0, 0, 0, 0, 0, 0, 0, 0, 1, 0
	0.5 14%/10%
	1.5 0%/0%
	2.5 0%/0%
shots 0, 2, 1, 0, 0, 0, 1, 2, 0, 0, 0, 1, 1, 1
	0.5 50%/50%
	1.5 14%/10%
	2.5 0%/0%

John Kymani Gordon
sot 0, 0, 0, 0, 0
	0.5 0%/0%
	1.5 0%/0%
	2.5 0%/0%
shots 0, 1, 0, 0, 0
	0.5 20%/20%
	1.5 0%/0%
	2.5 0%/0%

Sean Grehan
sot 0
	0.5 0%/0%
	1.5 0%/0%
	2.5 0%/0%
shots 1
	0.5 100%/100%
	1.5 0%/0%
	2.5 0%/0%

Jack Wells Morrison
sot 0
	0.5 0%/0%
	1.5 0%/0%
	2.5 0%/0%
shots 1
	0.5 100%/100%
	1.5 0%/0%
	2.5 0%/0%

Jake Obrien
sot 1, 0, 0, 0, 1
	0.5 40%/40%
	1.5 0%/0%
	2.5 0%/0%
shots 1, 1, 1, 0, 1
	0.5 80%/80%
	1.5 0%/0%
	2.5 0%/0%

Zach Marsh
sot 0
	0.5 0%/0%
	1.5 0%/0%
	2.5 0%/0%
shots 0
	0.5 0%/0%
	1.5 0%/0%
	2.5 0%/0%

Finley Marjoram
sot 0
	0.5 0%/0%
	1.5 0%/0%
	2.5 0%/0%
shots 0
	0.5 0%/0%
	1.5 0%/0%
	2.5 0%/0%

Malachi Boateng
sot 0, 0
	0.5 0%/0%
	1.5 0%/0%
	2.5 0%/0%
shots 0, 0
	0.5 0%/0%
	1.5 0%/0%
	2.5 0%/0%

Kofi Balmer
sot 0
	0.5 0%/0%
	1.5 0%/0%
	2.5 0%/0%
shots 0
	0.5 0%/0%
	1.5 0%/0%
	2.5 0%/0%

Scott Banks
sot 0
	0.5 0%/0%
	1.5 0%/0%
	2.5 0%/0%
shots 2
	0.5 100%/100%
	1.5 100%/100%
	2.5 0%/0%

Killian Phillips
sot 1
	0.5 100%/100%
	1.5 0%/0%
	2.5 0%/0%
shots 3
	0.5 100%/100%
	1.5 100%/100%
	2.5 100%/100%

Tim Krul
sot 0, 0, 0, 0, 0, 0
	0.5 0%/0%
	1.5 0%/0%
	2.5 0%/0%
shots 0, 0, 0, 0, 0, 0
	0.5 0%/0%
	1.5 0%/0%
	2.5 0%/0%

Andros Townsend
sot 0, 0, 1, 0, 0, 0, 1, 2, 1, 0, 1, 0, 0, 0, 0, 1, 0, 0, 1, 0
	0.5 33%/30%
	1.5 4%/0%
	2.5 0%/0%
shots 0, 0, 3, 0, 0, 1, 1, 3, 3, 0, 2, 0, 0, 0, 0, 1, 1, 3, 2, 1
	0.5 52%/60%
	1.5 28%/30%
	2.5 19%/10%

Thomas Kaminski
sot 0, 0, 0, 0, 0, 0, 0, 0, 0, 0, 0, 0, 0, 0, 0, 0, 0, 0, 0, 0
	0.5 0%/0%
	1.5 0%/0%
	2.5 0%/0%
shots 0, 0, 0, 0, 0, 0, 0, 0, 0, 0, 0, 0, 0, 0, 0, 0, 0, 0, 0, 0
	0.5 0%/0%
	1.5 0%/0%
	2.5 0%/0%

Luke Berry
sot 0, 1, 1, 0, 0, 0, 0, 0, 0
	0.5 22%/22%
	1.5 0%/0%
	2.5 0%/0%
shots 0, 1, 2, 0, 0, 0, 0, 1, 0
	0.5 33%/33%
	1.5 11%/11%
	2.5 0%/0%

Ross Barkley
sot 1, 0, 0, 0, 1, 0, 0, 1, 2, 2, 1, 0, 0, 0, 1, 0, 0, 1, 1, 0
	0.5 42%/40%
	1.5 7%/0%
	2.5 0%/0%
shots 2, 2, 1, 3, 1, 1, 5, 3, 5, 3, 4, 0, 4, 1, 2, 4, 2, 2, 5, 2
	0.5 88%/90%
	1.5 69%/80%
	2.5 38%/40%

Cauley Woodrow
sot 0, 2, 0, 0, 0, 0, 0, 1, 0, 0, 0, 1, 0, 0, 0, 1, 0, 0
	0.5 22%/20%
	1.5 5%/0%
	2.5 0%/0%
shots 0, 4, 0, 1, 2, 1, 0, 1, 1, 0, 0, 1, 1, 0, 0, 2, 1, 1
	0.5 61%/60%
	1.5 16%/10%
	2.5 5%/0%

Jordan Clark
sot 0, 0, 0, 0, 0, 1, 0, 1, 1, 0, 0, 0, 0, 2, 0
	0.5 26%/40%
	1.5 6%/10%
	2.5 0%/0%
shots 0, 0, 0, 0, 0, 2, 2, 2, 2, 0, 0, 0, 0, 2, 0
	0.5 33%/50%
	1.5 33%/50%
	2.5 0%/0%

Pelly Ruddock Mpanzu
sot 0, 0, 0, 0, 0, 0, 0, 0, 0, 0, 0, 0, 0, 1, 0, 0, 1, 0, 0, 0
	0.5 8%/20%
	1.5 0%/0%
	2.5 0%/0%
shots 2, 1, 0, 2, 0, 1, 0, 0, 0, 0, 1, 0, 0, 1, 0, 0, 1, 0, 0, 0
	0.5 36%/30%
	1.5 12%/0%
	2.5 0%/0%

Amarii Bell
sot 0, 0, 1, 0, 0, 0, 0, 0, 0, 0, 0, 0, 0, 0, 0, 0, 0, 0, 0, 0
	0.5 7%/0%
	1.5 0%/0%
	2.5 0%/0%
shots 0, 0, 1, 0, 0, 0, 0, 0, 0, 0, 0, 0, 0, 0, 0, 0, 0, 0, 0, 0
	0.5 7%/0%
	1.5 0%/0%
	2.5 0%/0%

Carlton Morris
sot 1, 1, 0, 0, 0, 0, 0, 0, 1, 1, 1, 0, 1, 2, 2, 2, 1, 0, 1, 2
	0.5 51%/80%
	1.5 19%/40%
	2.5 0%/0%
shots 2, 2, 1, 0, 0, 0, 0, 0, 2, 3, 2, 2, 4, 4, 3, 2, 4, 0, 3, 3
	0.5 77%/90%
	1.5 70%/90%
	2.5 45%/60%

Reece Burke
sot 0, 0, 0, 0, 0, 0, 1, 0, 0, 0, 0, 0, 0, 1, 0, 1
	0.5 18%/30%
	1.5 0%/0%
	2.5 0%/0%
shots 0, 0, 2, 0, 1, 0, 1, 0, 0, 0, 0, 1, 0, 2, 0, 2
	0.5 37%/40%
	1.5 18%/20%
	2.5 0%/0%

Chiedozie Ogbene
sot 0, 1, 1, 0, 0, 0, 0, 0, 0, 1, 3, 1, 0, 2, 1, 0, 2, 1, 0, 0
	0.5 32%/60%
	1.5 9%/30%
	2.5 3%/10%
shots 0, 1, 1, 1, 0, 0, 0, 0, 1, 1, 4, 1, 0, 3, 1, 1, 4, 3, 0, 0
	0.5 58%/70%
	1.5 22%/40%
	2.5 12%/40%

Daiki Hashioka
sot 0, 0
	0.5 0%/0%
	1.5 0%/0%
	2.5 0%/0%
shots 0, 0
	0.5 0%/0%
	1.5 0%/0%
	2.5 0%/0%

Tahith Chong
sot 0, 0, 0, 1, 0, 0, 0, 0, 0, 0, 0, 0, 2, 0, 0, 0, 0, 1, 1, 1
	0.5 23%/40%
	1.5 3%/10%
	2.5 0%/0%
shots 0, 0, 1, 1, 1, 0, 1, 0, 1, 1, 0, 0, 4, 0, 1, 1, 3, 1, 1, 3
	0.5 65%/70%
	1.5 15%/30%
	2.5 11%/30%

Alfie Doughty
sot 0, 0, 0, 0, 0, 0, 0, 1, 1, 0, 0, 0, 0, 0, 1, 0, 0, 0, 0, 0
	0.5 12%/10%
	1.5 0%/0%
	2.5 0%/0%
shots 0, 0, 0, 0, 0, 0, 0, 2, 1, 2, 0, 0, 1, 0, 1, 2, 2, 2, 0, 2
	0.5 48%/60%
	1.5 29%/40%
	2.5 6%/0%

Issa Kabore
sot 0, 0, 0, 0, 0, 0, 0, 0, 0, 0, 0, 1, 0, 0, 0, 0, 0, 0, 0
	0.5 5%/10%
	1.5 0%/0%
	2.5 0%/0%
shots 1, 1, 0, 0, 1, 1, 0, 0, 0, 0, 0, 2, 0, 0, 0, 0, 0, 0, 0
	0.5 26%/10%
	1.5 5%/10%
	2.5 0%/0%

Teden Mengi
sot 0, 0, 0, 1, 1, 0, 1, 0, 0, 0, 0, 0, 0, 0, 0, 0, 0, 0, 0, 0
	0.5 12%/0%
	1.5 0%/0%
	2.5 0%/0%
shots 0, 1, 0, 1, 1, 0, 1, 0, 1, 1, 0, 0, 0, 0, 1, 0, 0, 0, 0, 1
	0.5 41%/20%
	1.5 0%/0%
	2.5 0%/0%

Joseph Johnson
sot 0, 0, 0
	0.5 0%/0%
	1.5 0%/0%
	2.5 0%/0%
shots 0, 0, 0
	0.5 0%/0%
	1.5 0%/0%
	2.5 0%/0%

Gabriel Osho
sot 0, 0, 0, 0, 0, 1, 0, 0, 0, 0, 0, 0, 0, 1, 0, 0, 0
	0.5 11%/10%
	1.5 0%/0%
	2.5 0%/0%
shots 0, 0, 0, 0, 0, 1, 0, 0, 1, 1, 0, 2, 0, 1, 2, 3, 0
	0.5 41%/60%
	1.5 17%/30%
	2.5 5%/10%

Albert Lokonga
sot 0, 1, 0, 0, 0, 0, 0, 0, 0, 0, 0, 0, 0, 0
	0.5 7%/0%
	1.5 0%/0%
	2.5 0%/0%
shots 0, 1, 0, 0, 1, 0, 1, 2, 1, 0, 0, 0, 1, 0
	0.5 42%/50%
	1.5 7%/10%
	2.5 0%/0%

Jacob Brown
sot 1, 0, 0, 1, 1, 0, 0, 0, 1, 0, 0, 1, 1, 0, 0, 1, 0, 0, 0, 0
	0.5 36%/30%
	1.5 0%/0%
	2.5 0%/0%
shots 4, 0, 1, 4, 2, 1, 3, 2, 2, 0, 0, 1, 2, 0, 0, 3, 1, 2, 0, 1
	0.5 72%/60%
	1.5 40%/30%
	2.5 18%/10%

Elijah Adebayo
sot 1, 0, 1, 0, 0, 0, 0, 0, 1, 1, 1, 1, 1, 0, 0, 0, 1, 3, 1, 1
	0.5 42%/70%
	1.5 3%/10%
	2.5 3%/10%
shots 2, 1, 2, 1, 0, 0, 0, 1, 1, 1, 3, 1, 3, 3, 0, 1, 2, 4, 2, 4
	0.5 64%/90%
	1.5 39%/70%
	2.5 17%/50%

Ryan Giles
sot 0, 1, 0, 0, 0, 0, 0, 0, 0, 0, 0, 1, 0, 0
	0.5 14%/10%
	1.5 0%/0%
	2.5 0%/0%
shots 0, 1, 0, 0, 0, 0, 0, 0, 0, 0, 0, 1, 0, 0
	0.5 14%/10%
	1.5 0%/0%
	2.5 0%/0%

Mads Andersen
sot 0, 0, 0, 1, 0, 0, 0, 0, 0, 0
	0.5 10%/10%
	1.5 0%/0%
	2.5 0%/0%
shots 0, 0, 0, 2, 0, 1, 1, 0, 0, 0
	0.5 30%/30%
	1.5 10%/10%
	2.5 0%/0%

Tom Lockyer
sot 0, 0, 0, 0, 0, 1, 0, 0, 0, 1, 0, 0, 0, 0, 0
	0.5 13%/20%
	1.5 0%/0%
	2.5 0%/0%
shots 0, 0, 0, 1, 0, 2, 2, 0, 0, 1, 0, 0, 2, 0, 0
	0.5 33%/40%
	1.5 20%/30%
	2.5 0%/0%

Marvelous Nakamba
sot 0, 0, 0, 0, 0, 0, 0, 0, 0, 0, 0, 0, 0, 0
	0.5 0%/0%
	1.5 0%/0%
	2.5 0%/0%
shots 0, 0, 0, 0, 0, 1, 1, 0, 1, 1, 0, 0, 0, 0
	0.5 28%/40%
	1.5 0%/0%
	2.5 0%/0%
